175 99
179 98
183 98
188 98
194 98
200 98
206 98
211 97
216 95
221 92
225 88
228 83
229 79
230 75
231 71
233 67
236 62
240 58
245 55
249 54
255 54
260 55
265 58
269 62
273 66
276 71
277 75
277 81
277 85
278 90
280 95
283 100
286 105
290 109
295 112
299 113
303 113
308 113
313 112
318 110
323 107
327 103
330 98
333 93
336 88
339 83
343 79
347 75
352 72
357 69
361 68
367 68
372 69
377 72
381 76
384 81
385 85
385 89
386 93
389 98
393 102
397 104
402 107
406 108
411 108
416 107
421 104
425 103
429 103
434 104
439 106
444 109
448 113
453 116
457 117
461 117
467 117
471 116
476 114
481 112
486 110
491 107
495 103
498 98
499 94
499 90
498 86
495 81
492 76
488 72
484 70
480 68
476 67
472 67
468 67
464 67
460 68
456 70
452 72
447 75
442 78
439 81
437 85
436 89
436 93
437 97
439 102
442 107
446 111
451 114
456 117
460 118
465 120
470 123
475 125
480 128
485 131
489 135
492 140
495 145
497 149
500 154
502 159
505 164
508 169
512 173
517 176
521 177
526 178
532 178
537 178
542 179
547 181
552 184
557 186
562 188
567 191
571 195
574 200
575 204
575 210
574 215
571 220
567 224
563 226
558 229
553 232
550 235
548 239
547 243
547 247
548 251
550 256
553 261
556 266
559 271
563 275
567 279
570 284
574 288
578 292
582 296
587 299
592 302
597 305
602 307
607 310
612 311
618 311
624 311
629 310
634 307
639 304
644 301
649 299
653 298
658 298
663 299
668 302
673 305
677 309
680 314
681 318
681 322
681 327
681 333
680 338
678 343
675 348
671 352
666 355
662 356
658 356
654 356
650 356
646 355
641 352
637 348
635 344
633 340
631 336
630 331
630 325
631 321
634 316
637 311
641 307
645 303
650 300
654 299
658 299
663 300
668 302
673 305
677 309
680 314
681 319
681 325
681 331
680 336
679 341
679 345
680 349
680 355
681 360
681 366
680 371
680 377
680 383
679 388
679 392
679 398
678 403
678 409
678 415
678 421
679 426
679 432
680 437
680 443
680 449
680 455
680 461
681 466
682 471
682 477
683 482
683 488
682 493
682 499
681 504
680 509
679 514
678 518
675 523
674 527
672 531
670 536
667 541
664 546
661 551
657 555
653 559
649 563
645 567
641 571
636 574
631 577
627 579
623 580
619 581
615 583
611 585
607 586
603 587
599 588
595 588
591 589
587 590
583 591
579 591
575 590
571 589
567 589
563 589
559 588
555 587
551 586
547 586
543 585
539 583
535 582
531 581
527 580
523 578
519 576
514 573
510 571
506 569
502 568
498 567
494 566
490 565
486 564
482 563
478 563
474 562
470 561
466 560
462 560
458 560
454 560
450 560
446 560
442 561
438 561
434 560
430 558
425 555
421 551
419 547
418 543
418 539
418 535
418 531
417 527
417 523
416 519
415 515
414 511
411 506
408 501
405 496
401 492
396 489
392 487
388 485
384 484
380 483
376 482
372 481
368 481
364 482
360 483
356 484
352 486
348 488
344 490
339 493
334 496
330 500
327 505
324 510
323 514
323 518
322 523
321 528
321 533
322 538
322 544
322 550
321 555
321 561
322 566
325 571
328 576
332 580
337 583
341 584
346 584
350 584
355 583
360 580
364 576
367 571
370 566
374 562
378 558
383 555
387 554
391 554
395 555
399 557
404 560
408 564
411 569
412 573
413 577
413 583
412 588
409 593
405 597
400 600
395 603
390 606
385 609
381 610
377 610
373 610
369 610
365 610
361 609
357 609
353 608
349 606
345 604
341 602
336 599
332 595
329 590
326 585
323 580
322 576
321 572
320 568
320 564
320 560
321 556
322 552
322 548
322 544
322 540
321 536
321 532
321 528
322 523
323 518
323 514
324 510
327 505
330 500
334 496
339 493
344 490
349 487
354 484
359 483
364 482
370 482
376 482
381 483
386 484
391 486
396 489
401 492
405 496
408 501
411 506
414 511
415 515
416 520
417 525
418 530
418 536
418 542
419 547
422 552
426 556
431 559
435 560
441 560
447 560
453 560
459 560
465 560
470 561
475 563
480 564
486 564
491 565
496 566
501 567
506 570
511 573
516 576
521 579
526 582
531 585
535 586
541 586
547 586
552 587
557 589
562 590
568 590
573 591
579 591
584 590
588 589
592 588
598 588
603 587
608 586
613 584
618 581
623 580
628 579
633 576
638 573
642 569
646 565
651 562
655 558
658 553
662 549
665 544
668 539
670 535
672 531
674 527
675 523
678 518
679 514
680 509
681 504
682 499
682 494
683 490
683 486
683 482
682 478
682 474
682 470
681 466
680 462
678 458
677 454
675 450
673 446
671 442
668 437
665 432
662 427
659 422
655 418
651 414
647 410
643 406
639 402
634 399
629 396
624 393
619 390
614 387
609 385
605 384
601 383
597 382
593 382
589 382
585 381
581 381
577 380
573 380
569 380
565 381
561 381
557 382
553 383
549 384
545 385
541 385
537 384
533 382
529 380
524 377
520 373
517 368
514 363
513 359
512 355
512 351
513 347
514 343
517 338
520 333
524 329
529 326
534 324
539 321
543 317
546 314
549 309
550 305
550 301
550 297
549 293
546 288
543 283
539 279
534 276
530 272
527 269
523 267
519 265
515 264
511 263
507 262
503 261
499 261
495 261
491 261
487 260
483 258
479 257
474 254
469 251
465 247
461 243
457 239
452 236
448 234
444 233
440 233
436 234
432 235
428 236
424 237
420 239
416 241
412 242
408 242
404 241
399 238
395 234
391 230
388 225
385 220
381 216
376 213
371 210
366 207
361 204
357 200
353 196
351 192
349 188
347 184
346 180
345 176
343 172
340 167
336 163
331 160
327 159
323 159
319 160
314 163
310 167
307 172
303 176
298 179
294 183
289 186
285 188
281 190
277 192
273 194
268 197
263 200
259 204
256 209
253 214
250 219
248 223
246 227
245 231
245 236
245 242
244 247
243 252
242 257
241 261
240 265
238 270
235 275
233 279
230 284
227 289
224 294
220 298
216 302
212 306
208 310
204 314
199 317
195 319
191 321
187 323
183 325
179 326
175 327
171 328
167 329
163 330
159 331
155 332
151 333
147 333
143 334
139 335
135 335
131 335
127 334
123 334
119 333
115 333
111 332
107 331
103 329
99 327
95 325
90 322
85 319
80 316
75 313
71 309
67 305
64 300
61 295
60 291
60 287
60 283
61 279
64 274
68 270
73 267
77 266
81 266
85 267
89 269
93 273
98 276
103 279
108 282
113 284
118 287
123 289
128 291
133 292
139 292
145 292
151 292
156 291
161 289
166 287
171 284
176 281
181 278
185 274
188 269
191 265
194 260
195 256
198 251
201 246
202 242
202 238
201 234
198 229
195 226
192 223
188 221
183 220
179 220
175 221
170 224
167 227
165 231
163 235
162 240
162 246
161 251
159 256
156 261
153 264
150 267
146 269
142 270
138 270
134 269
129 266
125 262
122 257
121 253
121 249
122 245
124 241
128 237
133 234
137 232
142 229
147 228
152 225
156 221
159 216
160 211
160 207
159 203
158 199
156 195
152 191
148 189
144 188
140 188
136 189
131 192
127 196
124 201
122 205
120 209
119 213
119 218
118 223
115 228
113 232
110 235
106 237
102 238
98 238
94 237
89 234
85 230
82 225
81 221
81 217
81 213
82 209
85 204
88 199
91 194
94 189
98 185
102 181
107 178
112 175
116 173
121 170
126 167
130 166
136 166
142 166
148 166
154 166
159 167
164 169
169 172
174 175
179 178
183 182
188 185
193 188
197 189
201 189
205 188
210 185
214 181
217 176
218 172
218 168
217 164
214 159
210 155
207 150
203 146
198 143
193 140
188 137
183 134
178 131
173 128
169 127
165 126
161 126
157 125
153 125
149 125
145 124
141 123
137 123
133 123
129 124
125 125
121 125
117 126
113 127
109 128
105 130
101 132
97 134
92 137
87 140
82 143
77 146
73 150
69 154
65 158
61 162
57 166
54 171
51 176
48 181
45 186
43 190
42 194
40 199
39 203
38 208
37 213
37 218
36 223
36 229
35 234
35 240
34 245
34 250
34 256
34 262
34 268
34 274
33 279
33 285
34 290
34 296
33 301
33 307
33 313
33 319
33 325
33 331
33 337
33 343
33 349
32 354
32 360
33 365
33 371
33 377
34 382
35 387
38 392
41 397
44 402
48 406
52 410
57 413
61 417
66 420
70 424
73 429
77 433
80 438
83 443
84 448
84 454
83 459
80 464
77 469
74 474
70 478
65 481
60 484
55 487
51 491
47 495
43 499
40 504
37 509
34 514
33 518
33 524
34 529
37 534
40 539
44 543
49 546
53 548
57 549
61 549
65 548
69 546
72 543
75 540
77 536
79 532
82 527
83 523
83 519
82 515
79 510
76 505
72 501
67 498
63 497
59 497
55 497
51 498
47 500
42 503
38 507
36 511
34 515
33 519
33 524
33 530
32 535
32 541
31 546
31 552
32 557
32 563
33 568
34 573
36 578
39 583
43 587
48 590
53 591
59 591
64 590
69 589
74 586
79 583
84 581
89 579
94 577
98 576
103 576
109 576
115 576
121 576
126 577
131 580
136 583
140 587
143 592
145 596
148 601
149 605
149 609
148 614
145 619
142 624
138 628
134 632
131 637
128 642
127 646
126 651
126 657
127 662
129 667
132 672
136 676
141 679
146 681
151 682
157 682
162 681
167 679
172 676
176 672
179 667
182 662
183 657
183 652
183 646
184 642
187 637
188 633
189 629
190 624
193 619
196 614
199 609
202 604
206 600
211 597
215 596
219 596
224 596
229 597
234 600
239 603
243 607
246 612
247 616
247 620
246 624
246 628
247 633
250 638
253 643
256 648
260 652
265 655
270 658
274 659
279 659
284 658
289 656
294 654
299 652
304 649
308 645
311 640
315 636
319 632
324 629
328 628
332 628
336 629
340 630
344 631
350 631
356 631
362 631
367 630
372 629
377 627
382 625
387 623
392 621
397 620
403 620
409 620
414 621
419 623
424 626
428 630
432 634
436 638
440 642
445 645
450 648
455 651
459 652
465 652
470 651
475 649
480 648
485 647
491 647
497 647
503 647
509 647
